12
0 58.813743
-5.624999 58.813743
-11.249998 58.813743
0 55.776575
-5.624999 55.776575
-5.624999 52.482778
-5.624999 48.922497
-11.249998 52.482778
-11.249998 55.776575
-11.249998 48.922497
5.624999 52.482778
-5.624999, 58.813743












30
0 58.813743
-2.812499 58.813743
-5.624999 58.813743
-11.249998 58.813743
-8.437498 58.813743
-11.249998 57.326523
-8.437498 57.326523
-5.624999 57.326523
-2.812499 57.326523
 0 57.326523
-11.249998 55.776575
-8.437498 55.776575
-5.624999 55.776575
-2.812499 55.776575
0 55.776575
-11.249998 54.162436
-8.437498 54.162436
-5.624999 54.162436
-2.812499 54.162436
0 54.162436
-11.249998 52.482778
-8.437498 52.482778
-5.624999 52.482778
-2.812499 52.482778
0 52.482778
-11.249998 50.736453
-8.437498 50.736453
-5.624999 50.736453
-2.812499 50.736453
0 50.736453

WGS84 datum (longitude/latitude)
