25
0 61.606397
5.624999 61.606397
11.249997 61.606397
16.874996 61.606397
22.500004 61.606397
28.125003 61.606397
0 58.813743
5.624999 58.813743
11.249997 58.813743
16.874996 58.813743
22.500004 58.813743
28.125003 58.813743
0 55.776575
5.624999 55.776575
11.249997 55.776575
16.874996 55.776575
22.500004 55.776575
28.125003 55.776575
0 52.482778
5.624999 52.482778
11.249997 52.482778
16.874996 52.482778
22.500004 52.482778
28.125003 52.482778



(31,18) -> (36,20)

18
0 61.606397
5.624999 61.606397
11.249997 61.606397
16.874996 61.606397
22.500004 61.606397
28.125003 61.606397
0 58.813743
5.624999 58.813743
11.249997 58.813743
16.874996 58.813743
22.500004 58.813743
28.125003 58.813743
0 55.776575
5.624999 55.776575
11.249997 55.776575
16.874996 55.776575
22.500004 55.776575
28.125003 55.776575

WGS84 datum (longitude/latitude)

